1,1,Nume1,1,1,
2,2,Nume2,1,1,
3,3,Nume3,1,1,
4,4,Nume4,1,1,
5,5,Nume5,1,1,
6,6,Nume6,1,1,
7,7,Nume7,1,1,
8,8,Nume8,1,1,
9,9,Nume9,1,1,
10,10,Nume10,1,1,
11,11,Nume11,1,1,
12,12,Nume12,1,1,
13,13,Nume13,1,1,
14,14,Nume14,1,1,
15,15,Nume15,1,1,
16,16,Nume16,1,1,
17,17,Nume17,1,1,
18,18,Nume18,1,1,
19,19,Nume19,1,1,
20,20,Nume20,1,1,
21,21,Nume21,1,1,
22,22,Nume22,1,1,
23,23,Nume23,1,1,
24,24,Nume24,1,1,
25,25,Nume25,1,1,
26,26,Nume26,1,1,
27,27,Nume27,1,1,
28,28,Nume28,1,1,
29,29,Nume29,1,1,
30,30,Nume30,1,1,
31,31,Nume31,1,1,
32,32,Nume32,1,1,
33,33,Nume33,1,1,
34,34,Nume34,1,1,
35,35,Nume35,1,1,
36,36,Nume36,1,1,
37,37,Nume37,1,1,
38,38,Nume38,1,1,
39,39,Nume39,1,1,
40,40,Nume40,1,1,
41,41,Nume41,1,1,
42,42,Nume42,1,1,
43,43,Nume43,1,1,
44,44,Nume44,1,1,
45,45,Nume45,1,1,
46,46,Nume46,1,1,
47,47,Nume47,1,1,
48,48,Nume48,1,1,
49,49,Nume49,1,1,
50,50,Nume50,1,1,
51,51,Nume51,1,1,
52,52,Nume52,1,1,
53,53,Nume53,1,1,
54,54,Nume54,1,1,
55,55,Nume55,1,1,
56,56,Nume56,1,1,
57,57,Nume57,1,1,
58,58,Nume58,1,1,
59,59,Nume59,1,1,
60,60,Nume60,1,1,
61,61,Nume61,1,1,
62,62,Nume62,1,1,
63,63,Nume63,1,1,
64,64,Nume64,1,1,
65,65,Nume65,1,1,
66,66,Nume66,1,1,
67,67,Nume67,1,1,
68,68,Nume68,1,1,
69,69,Nume69,1,1,
70,70,Nume70,1,1,
71,71,Nume71,1,1,
72,72,Nume72,1,1,
73,73,Nume73,1,1,
74,74,Nume74,1,1,
75,75,Nume75,1,1,
76,76,Nume76,1,1,
77,77,Nume77,1,1,
78,78,Nume78,1,1,
79,79,Nume79,1,1,
80,80,Nume80,1,1,
81,81,Nume81,1,1,
82,82,Nume82,1,1,
83,83,Nume83,1,1,
84,84,Nume84,1,1,
85,85,Nume85,1,1,
86,86,Nume86,1,1,
87,87,Nume87,1,1,
88,88,Nume88,1,1,
89,89,Nume89,1,1,
90,90,Nume90,1,1,
91,91,Nume91,1,1,
92,92,Nume92,1,1,
93,93,Nume93,1,1,
94,94,Nume94,1,1,
95,95,Nume95,1,1,
96,96,Nume96,1,1,
97,97,Nume97,1,1,
98,98,Nume98,1,1,
99,99,Nume99,1,1,
100,100,Nume100,1,1,
101,101,Nume101,1,1,
102,102,Nume102,1,1,
103,103,Nume103,1,1,
104,104,Nume104,1,1,
105,105,Nume105,1,1,
106,106,Nume106,1,1,
107,107,Nume107,1,1,
108,108,Nume108,1,1,
109,109,Nume109,1,1,
110,110,Nume110,1,1,
111,111,Nume111,1,1,
112,112,Nume112,1,1,
113,113,Nume113,1,1,
114,114,Nume114,1,1,
115,115,Nume115,1,1,
116,116,Nume116,1,1,
117,117,Nume117,1,1,
118,118,Nume118,1,1,
119,119,Nume119,1,1,
120,120,Nume120,1,1,
121,121,Nume121,1,1,
122,122,Nume122,1,1,
123,123,Nume123,1,1,
124,124,Nume124,1,1,
125,125,Nume125,1,1,
126,126,Nume126,1,1,
127,127,Nume127,1,1,
128,128,Nume128,1,1,
129,129,Nume129,1,1,
130,130,Nume130,1,1,
131,131,Nume131,1,1,
132,132,Nume132,1,1,
133,133,Nume133,1,1,
134,134,Nume134,1,1,
135,135,Nume135,1,1,
136,136,Nume136,1,1,
137,137,Nume137,1,1,
138,138,Nume138,1,1,
139,139,Nume139,1,1,
140,140,Nume140,1,1,
141,141,Nume141,1,1,
142,142,Nume142,1,1,
143,143,Nume143,1,1,
144,144,Nume144,1,1,
145,145,Nume145,1,1,
146,146,Nume146,1,1,
147,147,Nume147,1,1,
148,148,Nume148,1,1,
149,149,Nume149,1,1,
150,150,Nume150,1,1,
151,151,Nume151,1,1,
152,152,Nume152,1,1,
153,153,Nume153,1,1,
154,154,Nume154,1,1,
155,155,Nume155,1,1,
156,156,Nume156,1,1,
157,157,Nume157,1,1,
158,158,Nume158,1,1,
159,159,Nume159,1,1,
160,160,Nume160,1,1,
161,161,Nume161,1,1,
162,162,Nume162,1,1,
163,163,Nume163,1,1,
164,164,Nume164,1,1,
165,165,Nume165,1,1,
166,166,Nume166,1,1,
167,167,Nume167,1,1,
168,168,Nume168,1,1,
169,169,Nume169,1,1,
170,170,Nume170,1,1,
171,171,Nume171,1,1,
172,172,Nume172,1,1,
173,173,Nume173,1,1,
174,174,Nume174,1,1,
175,175,Nume175,1,1,
176,176,Nume176,1,1,
177,177,Nume177,1,1,
178,178,Nume178,1,1,
179,179,Nume179,1,1,
180,180,Nume180,1,1,
181,181,Nume181,1,1,
182,182,Nume182,1,1,
183,183,Nume183,1,1,
184,184,Nume184,1,1,
185,185,Nume185,1,1,
186,186,Nume186,1,1,
187,187,Nume187,1,1,
188,188,Nume188,1,1,
189,189,Nume189,1,1,
190,190,Nume190,1,1,
191,191,Nume191,1,1,
192,192,Nume192,1,1,
193,193,Nume193,1,1,
194,194,Nume194,1,1,
195,195,Nume195,1,1,
196,196,Nume196,1,1,
197,197,Nume197,1,1,
198,198,Nume198,1,1,
199,199,Nume199,1,1,
200,200,Nume200,1,1,
201,201,Nume201,1,1,
202,202,Nume202,1,1,
203,203,Nume203,1,1,
204,204,Nume204,1,1,
205,205,Nume205,1,1,
206,206,Nume206,1,1,
207,207,Nume207,1,1,
208,208,Nume208,1,1,
209,209,Nume209,1,1,
210,210,Nume210,1,1,
211,211,Nume211,1,1,
212,212,Nume212,1,1,
213,213,Nume213,1,1,
214,214,Nume214,1,1,
215,215,Nume215,1,1,
216,216,Nume216,1,1,
217,217,Nume217,1,1,
218,218,Nume218,1,1,
219,219,Nume219,1,1,
220,220,Nume220,1,1,
221,221,Nume221,1,1,
222,222,Nume222,1,1,
223,223,Nume223,1,1,
224,224,Nume224,1,1,
225,225,Nume225,1,1,
226,226,Nume226,1,1,
227,227,Nume227,1,1,
228,228,Nume228,1,1,
229,229,Nume229,1,1,
230,230,Nume230,1,1,
231,231,Nume231,1,1,
232,232,Nume232,1,1,
233,233,Nume233,1,1,
234,234,Nume234,1,1,
235,235,Nume235,1,1,
236,236,Nume236,1,1,
237,237,Nume237,1,1,
238,238,Nume238,1,1,
239,239,Nume239,1,1,
240,240,Nume240,1,1,
241,241,Nume241,1,1,
242,242,Nume242,1,1,
243,243,Nume243,1,1,
244,244,Nume244,1,1,
245,245,Nume245,1,1,
246,246,Nume246,1,1,
247,247,Nume247,1,1,
248,248,Nume248,1,1,
249,249,Nume249,1,1,
250,250,Nume250,1,1,
251,251,Nume251,1,1,
252,252,Nume252,1,1,
253,253,Nume253,1,1,
254,254,Nume254,1,1,
255,255,Nume255,1,1,
256,256,Nume256,1,1,
257,257,Nume257,1,1,
258,258,Nume258,1,1,
259,259,Nume259,1,1,
260,260,Nume260,1,1,
261,261,Nume261,1,1,
262,262,Nume262,1,1,
263,263,Nume263,1,1,
264,264,Nume264,1,1,
265,265,Nume265,1,1,
266,266,Nume266,1,1,
267,267,Nume267,1,1,
268,268,Nume268,1,1,
269,269,Nume269,1,1,
270,270,Nume270,1,1,
271,271,Nume271,1,1,
272,272,Nume272,1,1,
273,273,Nume273,1,1,
274,274,Nume274,1,1,
275,275,Nume275,1,1,
276,276,Nume276,1,1,
277,277,Nume277,1,1,
278,278,Nume278,1,1,
279,279,Nume279,1,1,
280,280,Nume280,1,1,
281,281,Nume281,1,1,
282,282,Nume282,1,1,
283,283,Nume283,1,1,
284,284,Nume284,1,1,
285,285,Nume285,1,1,
286,286,Nume286,1,1,
287,287,Nume287,1,1,
288,288,Nume288,1,1,
289,289,Nume289,1,1,
290,290,Nume290,1,1,
291,291,Nume291,1,1,
292,292,Nume292,1,1,
293,293,Nume293,1,1,
294,294,Nume294,1,1,
295,295,Nume295,1,1,
296,296,Nume296,1,1,
297,297,Nume297,1,1,
298,298,Nume298,1,1,
299,299,Nume299,1,1,
300,300,Nume300,1,1,
301,301,Nume301,1,1,
302,302,Nume302,1,1,
303,303,Nume303,1,1,
304,304,Nume304,1,1,
305,305,Nume305,1,1,
306,306,Nume306,1,1,
307,307,Nume307,1,1,
308,308,Nume308,1,1,
309,309,Nume309,1,1,
310,310,Nume310,1,1,
311,311,Nume311,1,1,
312,312,Nume312,1,1,
313,313,Nume313,1,1,
314,314,Nume314,1,1,
315,315,Nume315,1,1,
316,316,Nume316,1,1,
317,317,Nume317,1,1,
318,318,Nume318,1,1,
319,319,Nume319,1,1,
320,320,Nume320,1,1,
321,321,Nume321,1,1,
322,322,Nume322,1,1,
323,323,Nume323,1,1,
324,324,Nume324,1,1,
325,325,Nume325,1,1,
326,326,Nume326,1,1,
327,327,Nume327,1,1,
328,328,Nume328,1,1,
329,329,Nume329,1,1,
330,330,Nume330,1,1,
331,331,Nume331,1,1,
332,332,Nume332,1,1,
333,333,Nume333,1,1,
334,334,Nume334,1,1,
335,335,Nume335,1,1,
336,336,Nume336,1,1,
337,337,Nume337,1,1,
338,338,Nume338,1,1,
339,339,Nume339,1,1,
340,340,Nume340,1,1,
341,341,Nume341,1,1,
342,342,Nume342,1,1,
343,343,Nume343,1,1,
344,344,Nume344,1,1,
345,345,Nume345,1,1,
346,346,Nume346,1,1,
347,347,Nume347,1,1,
348,348,Nume348,1,1,
349,349,Nume349,1,1,
350,350,Nume350,1,1,
351,351,Nume351,1,1,
352,352,Nume352,1,1,
353,353,Nume353,1,1,
354,354,Nume354,1,1,
355,355,Nume355,1,1,
356,356,Nume356,1,1,
357,357,Nume357,1,1,
358,358,Nume358,1,1,
359,359,Nume359,1,1,
360,360,Nume360,1,1,
361,361,Nume361,1,1,
362,362,Nume362,1,1,
363,363,Nume363,1,1,
364,364,Nume364,1,1,
365,365,Nume365,1,1,
366,366,Nume366,1,1,
367,367,Nume367,1,1,
368,368,Nume368,1,1,
369,369,Nume369,1,1,
370,370,Nume370,1,1,
371,371,Nume371,1,1,
372,372,Nume372,1,1,
373,373,Nume373,1,1,
374,374,Nume374,1,1,
375,375,Nume375,1,1,
376,376,Nume376,1,1,
377,377,Nume377,1,1,
378,378,Nume378,1,1,
379,379,Nume379,1,1,
380,380,Nume380,1,1,
381,381,Nume381,1,1,
382,382,Nume382,1,1,
383,383,Nume383,1,1,
384,384,Nume384,1,1,
385,385,Nume385,1,1,
386,386,Nume386,1,1,
387,387,Nume387,1,1,
388,388,Nume388,1,1,
389,389,Nume389,1,1,
390,390,Nume390,1,1,
391,391,Nume391,1,1,
392,392,Nume392,1,1,
393,393,Nume393,1,1,
394,394,Nume394,1,1,
395,395,Nume395,1,1,
396,396,Nume396,1,1,
397,397,Nume397,1,1,
398,398,Nume398,1,1,
399,399,Nume399,1,1,
400,400,Nume400,1,1,
401,401,Nume401,1,1,
402,402,Nume402,1,1,
403,403,Nume403,1,1,
404,404,Nume404,1,1,
405,405,Nume405,1,1,
406,406,Nume406,1,1,
407,407,Nume407,1,1,
408,408,Nume408,1,1,
409,409,Nume409,1,1,
410,410,Nume410,1,1,
411,411,Nume411,1,1,
412,412,Nume412,1,1,
413,413,Nume413,1,1,
414,414,Nume414,1,1,
415,415,Nume415,1,1,
416,416,Nume416,1,1,
417,417,Nume417,1,1,
418,418,Nume418,1,1,
419,419,Nume419,1,1,
420,420,Nume420,1,1,
421,421,Nume421,1,1,
422,422,Nume422,1,1,
423,423,Nume423,1,1,
424,424,Nume424,1,1,
425,425,Nume425,1,1,
426,426,Nume426,1,1,
427,427,Nume427,1,1,
428,428,Nume428,1,1,
429,429,Nume429,1,1,
430,430,Nume430,1,1,
431,431,Nume431,1,1,
432,432,Nume432,1,1,
433,433,Nume433,1,1,
434,434,Nume434,1,1,
435,435,Nume435,1,1,
436,436,Nume436,1,1,
437,437,Nume437,1,1,
438,438,Nume438,1,1,
439,439,Nume439,1,1,
440,440,Nume440,1,1,
441,441,Nume441,1,1,
442,442,Nume442,1,1,
443,443,Nume443,1,1,
444,444,Nume444,1,1,
445,445,Nume445,1,1,
446,446,Nume446,1,1,
447,447,Nume447,1,1,
448,448,Nume448,1,1,
449,449,Nume449,1,1,
450,450,Nume450,1,1,
451,451,Nume451,1,1,
452,452,Nume452,1,1,
453,453,Nume453,1,1,
454,454,Nume454,1,1,
455,455,Nume455,1,1,
456,456,Nume456,1,1,
457,457,Nume457,1,1,
458,458,Nume458,1,1,
459,459,Nume459,1,1,
460,460,Nume460,1,1,
461,461,Nume461,1,1,
462,462,Nume462,1,1,
463,463,Nume463,1,1,
464,464,Nume464,1,1,
465,465,Nume465,1,1,
466,466,Nume466,1,1,
467,467,Nume467,1,1,
468,468,Nume468,1,1,
469,469,Nume469,1,1,
470,470,Nume470,1,1,
471,471,Nume471,1,1,
472,472,Nume472,1,1,
473,473,Nume473,1,1,
474,474,Nume474,1,1,
475,475,Nume475,1,1,
476,476,Nume476,1,1,
477,477,Nume477,1,1,
478,478,Nume478,1,1,
479,479,Nume479,1,1,
480,480,Nume480,1,1,
481,481,Nume481,1,1,
482,482,Nume482,1,1,
483,483,Nume483,1,1,
484,484,Nume484,1,1,
485,485,Nume485,1,1,
486,486,Nume486,1,1,
487,487,Nume487,1,1,
488,488,Nume488,1,1,
489,489,Nume489,1,1,
490,490,Nume490,1,1,
491,491,Nume491,1,1,
492,492,Nume492,1,1,
493,493,Nume493,1,1,
494,494,Nume494,1,1,
495,495,Nume495,1,1,
496,496,Nume496,1,1,
497,497,Nume497,1,1,
498,498,Nume498,1,1,
499,499,Nume499,1,1,
500,500,Nume500,1,1,
501,501,Nume501,1,1,
502,502,Nume502,1,1,
503,503,Nume503,1,1,
504,504,Nume504,1,1,
505,505,Nume505,1,1,
506,506,Nume506,1,1,
507,507,Nume507,1,1,
508,508,Nume508,1,1,
509,509,Nume509,1,1,
510,510,Nume510,1,1,
511,511,Nume511,1,1,
512,512,Nume512,1,1,
513,513,Nume513,1,1,
514,514,Nume514,1,1,
515,515,Nume515,1,1,
516,516,Nume516,1,1,
517,517,Nume517,1,1,
518,518,Nume518,1,1,
519,519,Nume519,1,1,
520,520,Nume520,1,1,
521,521,Nume521,1,1,
522,522,Nume522,1,1,
523,523,Nume523,1,1,
524,524,Nume524,1,1,
525,525,Nume525,1,1,
526,526,Nume526,1,1,
527,527,Nume527,1,1,
528,528,Nume528,1,1,
529,529,Nume529,1,1,
530,530,Nume530,1,1,
531,531,Nume531,1,1,
532,532,Nume532,1,1,
533,533,Nume533,1,1,
534,534,Nume534,1,1,
535,535,Nume535,1,1,
536,536,Nume536,1,1,
537,537,Nume537,1,1,
538,538,Nume538,1,1,
539,539,Nume539,1,1,
540,540,Nume540,1,1,
541,541,Nume541,1,1,
542,542,Nume542,1,1,
543,543,Nume543,1,1,
544,544,Nume544,1,1,
545,545,Nume545,1,1,
546,546,Nume546,1,1,
547,547,Nume547,1,1,
548,548,Nume548,1,1,
549,549,Nume549,1,1,
550,550,Nume550,1,1,
551,551,Nume551,1,1,
552,552,Nume552,1,1,
553,553,Nume553,1,1,
554,554,Nume554,1,1,
555,555,Nume555,1,1,
556,556,Nume556,1,1,
557,557,Nume557,1,1,
558,558,Nume558,1,1,
559,559,Nume559,1,1,
560,560,Nume560,1,1,
561,561,Nume561,1,1,
562,562,Nume562,1,1,
563,563,Nume563,1,1,
564,564,Nume564,1,1,
565,565,Nume565,1,1,
566,566,Nume566,1,1,
567,567,Nume567,1,1,
568,568,Nume568,1,1,
569,569,Nume569,1,1,
570,570,Nume570,1,1,
571,571,Nume571,1,1,
572,572,Nume572,1,1,
573,573,Nume573,1,1,
574,574,Nume574,1,1,
575,575,Nume575,1,1,
576,576,Nume576,1,1,
577,577,Nume577,1,1,
578,578,Nume578,1,1,
579,579,Nume579,1,1,
580,580,Nume580,1,1,
581,581,Nume581,1,1,
582,582,Nume582,1,1,
583,583,Nume583,1,1,
584,584,Nume584,1,1,
585,585,Nume585,1,1,
586,586,Nume586,1,1,
587,587,Nume587,1,1,
588,588,Nume588,1,1,
589,589,Nume589,1,1,
590,590,Nume590,1,1,
591,591,Nume591,1,1,
592,592,Nume592,1,1,
593,593,Nume593,1,1,
594,594,Nume594,1,1,
595,595,Nume595,1,1,
596,596,Nume596,1,1,
597,597,Nume597,1,1,
598,598,Nume598,1,1,
599,599,Nume599,1,1,
600,600,Nume600,1,1,
601,601,Nume601,1,1,
602,602,Nume602,1,1,
603,603,Nume603,1,1,
604,604,Nume604,1,1,
605,605,Nume605,1,1,
606,606,Nume606,1,1,
607,607,Nume607,1,1,
608,608,Nume608,1,1,
609,609,Nume609,1,1,
610,610,Nume610,1,1,
611,611,Nume611,1,1,
612,612,Nume612,1,1,
613,613,Nume613,1,1,
614,614,Nume614,1,1,
615,615,Nume615,1,1,
616,616,Nume616,1,1,
617,617,Nume617,1,1,
618,618,Nume618,1,1,
619,619,Nume619,1,1,
620,620,Nume620,1,1,
621,621,Nume621,1,1,
622,622,Nume622,1,1,
623,623,Nume623,1,1,
624,624,Nume624,1,1,
625,625,Nume625,1,1,
626,626,Nume626,1,1,
627,627,Nume627,1,1,
628,628,Nume628,1,1,
629,629,Nume629,1,1,
630,630,Nume630,1,1,
631,631,Nume631,1,1,
632,632,Nume632,1,1,
633,633,Nume633,1,1,
634,634,Nume634,1,1,
635,635,Nume635,1,1,
636,636,Nume636,1,1,
637,637,Nume637,1,1,
638,638,Nume638,1,1,
639,639,Nume639,1,1,
640,640,Nume640,1,1,
641,641,Nume641,1,1,
642,642,Nume642,1,1,
643,643,Nume643,1,1,
644,644,Nume644,1,1,
645,645,Nume645,1,1,
646,646,Nume646,1,1,
647,647,Nume647,1,1,
648,648,Nume648,1,1,
649,649,Nume649,1,1,
650,650,Nume650,1,1,
651,651,Nume651,1,1,
652,652,Nume652,1,1,
653,653,Nume653,1,1,
654,654,Nume654,1,1,
655,655,Nume655,1,1,
656,656,Nume656,1,1,
657,657,Nume657,1,1,
658,658,Nume658,1,1,
659,659,Nume659,1,1,
660,660,Nume660,1,1,
661,661,Nume661,1,1,
662,662,Nume662,1,1,
663,663,Nume663,1,1,
664,664,Nume664,1,1,
665,665,Nume665,1,1,
666,666,Nume666,1,1,
667,667,Nume667,1,1,
668,668,Nume668,1,1,
669,669,Nume669,1,1,
670,670,Nume670,1,1,
671,671,Nume671,1,1,
672,672,Nume672,1,1,
673,673,Nume673,1,1,
674,674,Nume674,1,1,
675,675,Nume675,1,1,
676,676,Nume676,1,1,
677,677,Nume677,1,1,
678,678,Nume678,1,1,
679,679,Nume679,1,1,
680,680,Nume680,1,1,
681,681,Nume681,1,1,
682,682,Nume682,1,1,
683,683,Nume683,1,1,
684,684,Nume684,1,1,
685,685,Nume685,1,1,
686,686,Nume686,1,1,
687,687,Nume687,1,1,
688,688,Nume688,1,1,
689,689,Nume689,1,1,
690,690,Nume690,1,1,
691,691,Nume691,1,1,
692,692,Nume692,1,1,
693,693,Nume693,1,1,
694,694,Nume694,1,1,
695,695,Nume695,1,1,
696,696,Nume696,1,1,
697,697,Nume697,1,1,
698,698,Nume698,1,1,
699,699,Nume699,1,1,
700,700,Nume700,1,1,
701,701,Nume701,1,1,
702,702,Nume702,1,1,
703,703,Nume703,1,1,
704,704,Nume704,1,1,
705,705,Nume705,1,1,
706,706,Nume706,1,1,
707,707,Nume707,1,1,
708,708,Nume708,1,1,
709,709,Nume709,1,1,
710,710,Nume710,1,1,
711,711,Nume711,1,1,
712,712,Nume712,1,1,
713,713,Nume713,1,1,
714,714,Nume714,1,1,
715,715,Nume715,1,1,
716,716,Nume716,1,1,
717,717,Nume717,1,1,
718,718,Nume718,1,1,
719,719,Nume719,1,1,
720,720,Nume720,1,1,
721,721,Nume721,1,1,
722,722,Nume722,1,1,
723,723,Nume723,1,1,
724,724,Nume724,1,1,
725,725,Nume725,1,1,
726,726,Nume726,1,1,
727,727,Nume727,1,1,
728,728,Nume728,1,1,
729,729,Nume729,1,1,
730,730,Nume730,1,1,
731,731,Nume731,1,1,
732,732,Nume732,1,1,
733,733,Nume733,1,1,
734,734,Nume734,1,1,
735,735,Nume735,1,1,
736,736,Nume736,1,1,
737,737,Nume737,1,1,
738,738,Nume738,1,1,
739,739,Nume739,1,1,
740,740,Nume740,1,1,
741,741,Nume741,1,1,
742,742,Nume742,1,1,
743,743,Nume743,1,1,
744,744,Nume744,1,1,
745,745,Nume745,1,1,
746,746,Nume746,1,1,
747,747,Nume747,1,1,
748,748,Nume748,1,1,
749,749,Nume749,1,1,
750,750,Nume750,1,1,
751,751,Nume751,1,1,
752,752,Nume752,1,1,
753,753,Nume753,1,1,
754,754,Nume754,1,1,
755,755,Nume755,1,1,
756,756,Nume756,1,1,
757,757,Nume757,1,1,
758,758,Nume758,1,1,
759,759,Nume759,1,1,
760,760,Nume760,1,1,
761,761,Nume761,1,1,
762,762,Nume762,1,1,
763,763,Nume763,1,1,
764,764,Nume764,1,1,
765,765,Nume765,1,1,
766,766,Nume766,1,1,
767,767,Nume767,1,1,
768,768,Nume768,1,1,
769,769,Nume769,1,1,
770,770,Nume770,1,1,
771,771,Nume771,1,1,
772,772,Nume772,1,1,
773,773,Nume773,1,1,
774,774,Nume774,1,1,
775,775,Nume775,1,1,
776,776,Nume776,1,1,
777,777,Nume777,1,1,
778,778,Nume778,1,1,
779,779,Nume779,1,1,
780,780,Nume780,1,1,
781,781,Nume781,1,1,
782,782,Nume782,1,1,
783,783,Nume783,1,1,
784,784,Nume784,1,1,
785,785,Nume785,1,1,
786,786,Nume786,1,1,
787,787,Nume787,1,1,
788,788,Nume788,1,1,
789,789,Nume789,1,1,
790,790,Nume790,1,1,
791,791,Nume791,1,1,
792,792,Nume792,1,1,
793,793,Nume793,1,1,
794,794,Nume794,1,1,
795,795,Nume795,1,1,
796,796,Nume796,1,1,
797,797,Nume797,1,1,
798,798,Nume798,1,1,
799,799,Nume799,1,1,
800,800,Nume800,1,1,
801,801,Nume801,1,1,
802,802,Nume802,1,1,
803,803,Nume803,1,1,
804,804,Nume804,1,1,
805,805,Nume805,1,1,
806,806,Nume806,1,1,
807,807,Nume807,1,1,
808,808,Nume808,1,1,
809,809,Nume809,1,1,
810,810,Nume810,1,1,
811,811,Nume811,1,1,
812,812,Nume812,1,1,
813,813,Nume813,1,1,
814,814,Nume814,1,1,
815,815,Nume815,1,1,
816,816,Nume816,1,1,
817,817,Nume817,1,1,
818,818,Nume818,1,1,
819,819,Nume819,1,1,
820,820,Nume820,1,1,
821,821,Nume821,1,1,
822,822,Nume822,1,1,
823,823,Nume823,1,1,
824,824,Nume824,1,1,
825,825,Nume825,1,1,
826,826,Nume826,1,1,
827,827,Nume827,1,1,
828,828,Nume828,1,1,
829,829,Nume829,1,1,
830,830,Nume830,1,1,
831,831,Nume831,1,1,
832,832,Nume832,1,1,
833,833,Nume833,1,1,
834,834,Nume834,1,1,
835,835,Nume835,1,1,
836,836,Nume836,1,1,
837,837,Nume837,1,1,
838,838,Nume838,1,1,
839,839,Nume839,1,1,
840,840,Nume840,1,1,
841,841,Nume841,1,1,
842,842,Nume842,1,1,
843,843,Nume843,1,1,
844,844,Nume844,1,1,
845,845,Nume845,1,1,
846,846,Nume846,1,1,
847,847,Nume847,1,1,
848,848,Nume848,1,1,
849,849,Nume849,1,1,
850,850,Nume850,1,1,
851,851,Nume851,1,1,
852,852,Nume852,1,1,
853,853,Nume853,1,1,
854,854,Nume854,1,1,
855,855,Nume855,1,1,
856,856,Nume856,1,1,
857,857,Nume857,1,1,
858,858,Nume858,1,1,
859,859,Nume859,1,1,
860,860,Nume860,1,1,
861,861,Nume861,1,1,
862,862,Nume862,1,1,
863,863,Nume863,1,1,
864,864,Nume864,1,1,
865,865,Nume865,1,1,
866,866,Nume866,1,1,
867,867,Nume867,1,1,
868,868,Nume868,1,1,
869,869,Nume869,1,1,
870,870,Nume870,1,1,
871,871,Nume871,1,1,
872,872,Nume872,1,1,
873,873,Nume873,1,1,
874,874,Nume874,1,1,
875,875,Nume875,1,1,
876,876,Nume876,1,1,
877,877,Nume877,1,1,
878,878,Nume878,1,1,
879,879,Nume879,1,1,
880,880,Nume880,1,1,
881,881,Nume881,1,1,
882,882,Nume882,1,1,
883,883,Nume883,1,1,
884,884,Nume884,1,1,
885,885,Nume885,1,1,
886,886,Nume886,1,1,
887,887,Nume887,1,1,
888,888,Nume888,1,1,
889,889,Nume889,1,1,
890,890,Nume890,1,1,
891,891,Nume891,1,1,
892,892,Nume892,1,1,
893,893,Nume893,1,1,
894,894,Nume894,1,1,
895,895,Nume895,1,1,
896,896,Nume896,1,1,
897,897,Nume897,1,1,
898,898,Nume898,1,1,
899,899,Nume899,1,1,
900,900,Nume900,1,1,
901,901,Nume901,1,1,
902,902,Nume902,1,1,
903,903,Nume903,1,1,
904,904,Nume904,1,1,
905,905,Nume905,1,1,
906,906,Nume906,1,1,
907,907,Nume907,1,1,
908,908,Nume908,1,1,
909,909,Nume909,1,1,
910,910,Nume910,1,1,
911,911,Nume911,1,1,
912,912,Nume912,1,1,
913,913,Nume913,1,1,
914,914,Nume914,1,1,
915,915,Nume915,1,1,
916,916,Nume916,1,1,
917,917,Nume917,1,1,
918,918,Nume918,1,1,
919,919,Nume919,1,1,
920,920,Nume920,1,1,
921,921,Nume921,1,1,
922,922,Nume922,1,1,
923,923,Nume923,1,1,
924,924,Nume924,1,1,
925,925,Nume925,1,1,
926,926,Nume926,1,1,
927,927,Nume927,1,1,
928,928,Nume928,1,1,
929,929,Nume929,1,1,
930,930,Nume930,1,1,
931,931,Nume931,1,1,
932,932,Nume932,1,1,
933,933,Nume933,1,1,
934,934,Nume934,1,1,
935,935,Nume935,1,1,
936,936,Nume936,1,1,
937,937,Nume937,1,1,
938,938,Nume938,1,1,
939,939,Nume939,1,1,
940,940,Nume940,1,1,
941,941,Nume941,1,1,
942,942,Nume942,1,1,
943,943,Nume943,1,1,
944,944,Nume944,1,1,
945,945,Nume945,1,1,
946,946,Nume946,1,1,
947,947,Nume947,1,1,
948,948,Nume948,1,1,
949,949,Nume949,1,1,
950,950,Nume950,1,1,
951,951,Nume951,1,1,
952,952,Nume952,1,1,
953,953,Nume953,1,1,
954,954,Nume954,1,1,
955,955,Nume955,1,1,
956,956,Nume956,1,1,
957,957,Nume957,1,1,
958,958,Nume958,1,1,
959,959,Nume959,1,1,
960,960,Nume960,1,1,
961,961,Nume961,1,1,
962,962,Nume962,1,1,
963,963,Nume963,1,1,
964,964,Nume964,1,1,
965,965,Nume965,1,1,
966,966,Nume966,1,1,
967,967,Nume967,1,1,
968,968,Nume968,1,1,
969,969,Nume969,1,1,
970,970,Nume970,1,1,
971,971,Nume971,1,1,
972,972,Nume972,1,1,
973,973,Nume973,1,1,
974,974,Nume974,1,1,
975,975,Nume975,1,1,
976,976,Nume976,1,1,
977,977,Nume977,1,1,
978,978,Nume978,1,1,
979,979,Nume979,1,1,
980,980,Nume980,1,1,
981,981,Nume981,1,1,
982,982,Nume982,1,1,
983,983,Nume983,1,1,
984,984,Nume984,1,1,
985,985,Nume985,1,1,
986,986,Nume986,1,1,
987,987,Nume987,1,1,
988,988,Nume988,1,1,
989,989,Nume989,1,1,
990,990,Nume990,1,1,
991,991,Nume991,1,1,
992,992,Nume992,1,1,
993,993,Nume993,1,1,
994,994,Nume994,1,1,
995,995,Nume995,1,1,
996,996,Nume996,1,1,
997,997,Nume997,1,1,
998,998,Nume998,1,1,
999,999,Nume999,1,1,
1000,1000,Nume1000,1,1,
